ocean
0
0
0
start
20
20
11111111111111111111
11111111111111111111
11111111111111111111
11111111111111111111
11111111111111111111
11111111111111111111
11111111111111111111
11111111111111111100
11111111111111110000
11111111111111100000
11111111111111111000
11111111111111111100
11111111111111111111
11111111111111111111
11111111111111111111
11111111111111111111
11111111111111111111
11111111111111111111
11111111111111111111
11111111111111111111
key
3
15
10
description
This is the ocean.. It is vast!
